-5 -5 0 
-4.89138 -4.8891 0.811945 
-4.78275 -4.7782 1.62389 
-4.67413 -4.6673 2.43583 
-4.41942 -4.77717 1.62483 
-4.16471 -4.88704 0.813832 
-3.91 -4.99691 0.00283074 
-4.04145 -4.93439 0.904614 
-4.17289 -4.87186 1.8064 
-4.30433 -4.80933 2.70818 
-3.97075 -4.85479 2.03266 
-3.63718 -4.90025 1.35715 
-3.3036 -4.94571 0.68163 
-2.97002 -4.99117 0.00611319 
-2.74202 -4.40357 -0.0745764 
-2.51401 -3.81597 -0.155266 
-2.28601 -3.22837 -0.235956 
-2.058 -2.64077 -0.316645 
-1.83 -2.05317 -0.397335 
-1.60199 -1.46557 -0.478025 
-1.37399 -0.877975 -0.558714 
-1.14598 -0.290376 -0.639404 
-0.917979 0.297223 -0.720094 
-0.689975 0.884822 -0.800783 
-0.46197 1.47242 -0.881473 
-0.233965 2.06002 -0.962162 
-0.00596061 2.64762 -1.04285 
0.222044 3.23522 -1.12354 
0.450049 3.82282 -1.20423 
0.678054 4.41042 -1.28492 
0.906058 4.99801 -1.36561 
1.13406 5.58561 -1.4463 
1.36207 6.17321 -1.52699 
1.59007 6.76081 -1.60768 
1.81808 7.34841 -1.68837 
2.04608 7.93601 -1.76906 
2.27409 8.52361 -1.84975 
2.50209 9.11121 -1.93044 
2.7301 9.69881 -2.01113 
3.04877 9.63683 -1.18801 
3.36744 9.57485 -0.364885 
4.0188 9.4747 -0.136218 
4.67017 9.37455 0.0924483 
4.61877 9.0356 -0.591607 
4.56737 8.69665 -1.27566 
4.51598 8.3577 -1.95972 
4.65034 7.57712 -1.82141 
4.78471 6.79655 -1.68309 
4.91907 6.01597 -1.54478 
5.05344 5.23539 -1.40647 

