R2
0 0 
0.0255635 -0.00423216 
0.051127 -0.00846431 
0.0766905 -0.0126965 
0.102254 -0.0169286 
0.120496 -0.0442744 
0.138739 -0.0716201 
0.156981 -0.0989659 
0.175223 -0.126312 
0.178823 -0.199885 
0.182422 -0.273458 
0.186022 -0.347031 
0.189622 -0.420604 
0.1859 -0.51729 
0.182179 -0.613977 
0.178457 -0.710663 
0.174735 -0.80735 
0.109669 -0.816652 
0.0446033 -0.825955 
-0.0204628 -0.835257 
-0.0855289 -0.844559 
-0.150595 -0.853862 
-0.215661 -0.863164 
-0.280727 -0.872466 
-0.345793 -0.881769 
-0.427351 -0.806778 
-0.508909 -0.731787 
-0.590467 -0.656795 
-0.672025 -0.581804 
-0.753583 -0.506813 
-0.835141 -0.431822 
-0.916699 -0.356831 
-0.998257 -0.28184 
-0.958655 -0.239783 
-0.919053 -0.197725 
-0.87945 -0.155668 
-0.839848 -0.113611 
-0.800246 -0.0715537 
-0.760643 -0.0294965 
-0.721041 0.0125607 
-0.681439 0.0546179 
-0.662526 0.149986 
-0.643613 0.245354 
-0.624701 0.340723 
-0.605788 0.436091 
-0.586876 0.531459 
-0.567963 0.626827 
-0.54905 0.722196 
-0.530138 0.817564 
-0.391926 0.833031 
-0.253714 0.848499 
-0.115503 0.863967 
0.022709 0.879434 
0.126074 0.861136 
0.229438 0.842838 
0.332803 0.82454 
0.436168 0.806242 
0.469838 0.720412 
0.503509 0.634583 
0.53718 0.548753 
0.57085 0.462923 
0.569674 0.343328 
0.568497 0.223733 
0.567321 0.104137 
0.566145 -0.0154579 
0.594101 -0.131405 
0.622057 -0.247352 
0.650013 -0.363298 
0.677969 -0.479245 
0.70238 -0.50861 
0.726791 -0.537976 
0.749429 -0.52405 
0.772068 -0.510125 
0.791161 -0.409618 
0.810254 -0.309111 
0.827575 -0.165314 
0.844896 -0.0215162 
0.858672 0.208863 
0.872448 0.439242 
0.886224 0.669621 
0.9 0.9 

